return {
	Properties = {
		Looping = true,
		Priority = Enum.AnimationPriority.Action
	},
	Keyframes = {
		[0] = {
			["HumanoidRootPart"] = {
				["Torso"] = {
					CFrame = CFrame.new(-0.0809893012046814, 0, -0.23330235481262207, 0.9947052001953125, 0, -0.10276954621076584, 0, 1, 0, 0.10276954621076584, 0, 0.9947052001953125),
					["Left Leg"] = {
						CFrame = CFrame.new(-0.0067729949951171875, 0.5855726599693298, -0.11522048711776733, 0.7584881782531738, 0.4810059666633606, 0.4396918714046478, -0.6225651502609253, 0.7342553734779358, 0.2707056701183319, -0.19263510406017303, -0.4790639281272888, 0.8563817143440247),
					},
					["Right Leg"] = {
						CFrame = CFrame.new(0.3780452609062195, 0.30341923236846924, 0.11150145530700684, 0.9060479998588562, 0.2563186585903168, -0.3367162048816681, -0.20750480890274048, 0.9625670909881592, 0.1743742972612381, 0.3688073754310608, -0.08812128007411957, 0.9253193736076355),
					},
					["Left Arm"] = {
						CFrame = CFrame.new(-0.48470520973205566, 0.0585993230342865, -0.4129848778247833, -0.035273898392915726, 0.06694541871547699, -0.9971329569816589, -0.5203027129173279, 0.8506364822387695, 0.07551580667495728, 0.8532530665397644, 0.5214748382568359, 0.004826572723686695),
					},
					["Right Arm"] = {
						CFrame = CFrame.new(0.31943535804748535, 0.5445881485939026, -0.27929383516311646, -0.9226265549659729, -0.34191417694091797, 0.178479865193367, 0.3824566900730133, -0.751196563243866, 0.5379876494407654, -0.04987208917737007, 0.5646224021911621, 0.8238412141799927),
					},
					["Head"] = {
						CFrame = CFrame.new(6.146728992462158e-08, 3.9968028886505635e-15, 0.018294304609298706, 0.9982554316520691, -6.262531115908132e-08, 0.05904444679617882, 6.18969906440725e-08, 1, 1.4164410977457464e-08, -0.05904444679617882, -1.0485034174223529e-08, 0.9982554316520691),
					},
				},
			},
		},
		[0.033] = {
			["HumanoidRootPart"] = {
				["Torso"] = {
					CFrame = CFrame.new(-0.07301084697246552, 0, -0.31052589416503906, 0.9947052001953125, 0, -0.10276954621076584, 0, 1, 0, 0.10276954621076584, 0, 0.9947052001953125),
					["Left Leg"] = {
						CFrame = CFrame.new(0.11497032642364502, 0.44051820039749146, -0.13535383343696594, 0.646980881690979, 0.5939253568649292, 0.4781927168369293, -0.7546722888946533, 0.5884298086166382, 0.29020750522613525, -0.10902125388383865, -0.5486373901367188, 0.8289217948913574),
					},
					["Right Leg"] = {
						CFrame = CFrame.new(0.44278353452682495, 0.3663228154182434, 0.13293573260307312, 0.8883904218673706, 0.2953411042690277, -0.35147711634635925, -0.2450549304485321, 0.9524731636047363, 0.18095065653324127, 0.38821467757225037, -0.07462365925312042, 0.9185428023338318),
					},
					["Left Arm"] = {
						CFrame = CFrame.new(-0.47826337814331055, 0.025105416774749756, -0.4179505705833435, -0.05585360527038574, 0.06218062341213226, -0.9965009093284607, -0.5526633858680725, 0.829288899898529, 0.08272336423397064, 0.8315308690071106, 0.5553500056266785, -0.01195383071899414),
					},
					["Right Arm"] = {
						CFrame = CFrame.new(0.2806278169155121, 0.5744333267211914, -0.2797914445400238, -0.9279288053512573, -0.3296673595905304, 0.17397628724575043, 0.3689585030078888, -0.7458318471908569, 0.5546210408210754, -0.053083386272192, 0.5788388848304749, 0.8137123584747314),
					},
					["Head"] = {
						CFrame = CFrame.new(8.940696716308594e-08, 3.1086244689504383e-15, 0.018294572830200195, 0.9983673095703125, -6.260592755324978e-08, 0.05712062492966652, 6.192396284632196e-08, 1, 1.3708471691131763e-08, -0.05712062492966652, -1.0148960782885297e-08, 0.9983673095703125),
					},
				},
			},
		},
		[0.067] = {
			["HumanoidRootPart"] = {
				["Torso"] = {
					CFrame = CFrame.new(-0.05593794956803322, 0, -0.47577428817749023, 0.9947052001953125, 0, -0.10276954621076584, 0, 1, 0, 0.10276954621076584, 0, 0.9947052001953125),
					["Left Leg"] = {
						CFrame = CFrame.new(0.31869298219680786, 0.12895101308822632, -0.151218980550766, 0.3805869221687317, 0.7367348074913025, 0.5589056611061096, -0.9217808246612549, 0.2538822293281555, 0.2930258512496948, 0.07398607581853867, -0.6267101764678955, 0.7757322192192078),
					},
					["Right Leg"] = {
						CFrame = CFrame.new(0.5242292881011963, 0.5132433176040649, 0.16267850995063782, 0.8521631956100464, 0.35046592354774475, -0.38857629895210266, -0.2949603497982025, 0.9350833296775818, 0.19651368260383606, 0.4322226047515869, -0.052847202867269516, 0.9002171754837036),
					},
					["Left Arm"] = {
						CFrame = CFrame.new(-0.46191662549972534, -0.045756638050079346, -0.42624902725219727, -0.09973414242267609, 0.04899789020419121, -0.9938070178031921, -0.618335485458374, 0.779464066028595, 0.1004834696650505, 0.779560387134552, 0.6245278120040894, -0.04744213819503784),
					},
					["Right Arm"] = {
						CFrame = CFrame.new(0.1971985101699829, 0.6382875442504883, -0.28064897656440735, -0.9404854774475098, -0.30149099230766296, 0.1568133682012558, 0.33393609523773193, -0.7342944145202637, 0.5910148620605469, -0.0630384236574173, 0.6082063913345337, 0.7912718653678894),
					},
					["Head"] = {
						CFrame = CFrame.new(7.450580596923828e-08, 3.9968028886505635e-15, 0.01829397678375244, 0.9986921548843384, -6.254937545691064e-08, 0.05112726241350174, 6.200222202323857e-08, 1, 1.228748391923773e-08, -0.05112726241350174, -9.101418285695217e-09, 0.9986921548843384),
					},
				},
			},
		},
		[0.1] = {
			["HumanoidRootPart"] = {
				["Torso"] = {
					CFrame = CFrame.new(-0.047959476709365845, 0, -0.5529978275299072, 0.9947052001953125, 0, -0.10276954621076584, 0, 1, 0, 0.10276954621076584, 0, 0.9947052001953125),
					["Left Leg"] = {
						CFrame = CFrame.new(0.33729588985443115, 0.1237337589263916, -0.16540008783340454, 0.3075817823410034, 0.7437299489974976, 0.5935143232345581, -0.9437156915664673, 0.15870754420757294, 0.2901940643787384, 0.12163078039884567, -0.6493672728538513, 0.7506850957870483),
					},
					["Right Leg"] = {
						CFrame = CFrame.new(0.5350061655044556, 0.5995383262634277, 0.17252367734909058, 0.8324732780456543, 0.3652797341346741, -0.416604220867157, -0.30597004294395447, 0.9299349188804626, 0.20396938920021057, 0.46192070841789246, -0.04233064875006676, 0.8859105110168457),
					},
					["Left Arm"] = {
						CFrame = CFrame.new(-0.44874608516693115, -0.07859009504318237, -0.4253208339214325, -0.12118549644947052, 0.040994029492139816, -0.991783082485199, -0.6466940641403198, 0.7547445893287659, 0.11021550744771957, 0.753061056137085, 0.6547368168830872, -0.06495358794927597),
					},
					["Right Arm"] = {
						CFrame = CFrame.new(0.15716874599456787, 0.6686171293258667, -0.2807596027851105, -0.9501667618751526, -0.2830055356025696, 0.13073350489139557, 0.301975280046463, -0.7314028143882751, 0.6114417314529419, -0.07742249220609665, 0.6204496622085571, 0.7804151177406311),
					},
					["Head"] = {
						CFrame = CFrame.new(5.774199962615967e-08, 2.6645352591003757e-15, 0.018293917179107666, 0.9991394281387329, -6.247126549396853e-08, 0.04147966206073761, 6.210999003997131e-08, 1, 9.998240457775864e-09, -0.04147966206073761, -7.4133401639642216e-09, 0.9991394281387329),
					},
				},
			},
		},
		[0.133] = {
			["HumanoidRootPart"] = {
				["Torso"] = {
					CFrame = CFrame.new(-0.049916017800569534, 0, -0.5030074119567871, 0.9951903223991394, 0, -0.09796062856912613, 0, 1, 0, 0.09796062856912613, 0, 0.9951903223991394),
					["Left Leg"] = {
						CFrame = CFrame.new(0.3312370777130127, 0.10864114761352539, -0.15358251333236694, 0.2796187400817871, 0.7652332782745361, 0.5798546671867371, -0.9533915519714355, 0.14997535943984985, 0.261824369430542, 0.11339277029037476, -0.6260395050048828, 0.7715028524398804),
					},
					["Right Leg"] = {
						CFrame = CFrame.new(0.5225344896316528, 0.5721641778945923, 0.18323981761932373, 0.8324660062789917, 0.36013728380203247, -0.42107197642326355, -0.30615290999412537, 0.9323816299438477, 0.19218474626541138, 0.4618126451969147, -0.031074874103069305, 0.8864330649375916),
					},
					["Left Arm"] = {
						CFrame = CFrame.new(-0.43978530168533325, -0.0726814866065979, -0.41679683327674866, -0.12025517970323563, 0.037113700062036514, -0.9920490384101868, -0.6406100392341614, 0.7605001926422119, 0.10610521584749222, 0.7583914399147034, 0.6482762694358826, -0.06767874211072922),
					},
					["Right Arm"] = {
						CFrame = CFrame.new(0.16021674871444702, 0.6666717529296875, -0.28077229857444763, -0.9561257362365723, -0.2766653299331665, 0.0963330864906311, 0.27577003836631775, -0.7390081882476807, 0.6146689057350159, -0.09886660426855087, 0.6142664551734924, 0.7828806638717651),
					},
					["Head"] = {
						CFrame = CFrame.new(8.940696716308594e-08, 4.884981308350689e-15, 0.01829436421394348, 0.9993991255760193, -6.253962681057601e-08, 0.034663934260606766, 6.228716387113309e-08, 1, 8.362859738042516e-09, -0.034663934260606766, -6.19872642104724e-09, 0.9993991255760193),
					},
				},
			},
		},
		[0.167] = {
			["HumanoidRootPart"] = {
				["Torso"] = {
					CFrame = CFrame.new(-0.054316140711307526, 0, -0.3696463108062744, 0.9963558912277222, 0, -0.08529357612133026, 0, 1, 0, 0.08529357612133026, 0, 0.9963558912277222),
					["Left Leg"] = {
						CFrame = CFrame.new(0.24264520406723022, 0.49077922105789185, -0.15125906467437744, 0.42973792552948, 0.729167640209198, 0.532578706741333, -0.8948842287063599, 0.42260468006134033, 0.14348308742046356, -0.12044703215360641, -0.5382564067840576, 0.8341299295425415),
					},
					["Right Leg"] = {
						CFrame = CFrame.new(0.4906236529350281, 0.47287094593048096, 0.19093936681747437, 0.8456763625144958, 0.34008553624153137, -0.41130709648132324, -0.29817667603492737, 0.9402522444725037, 0.1643667370080948, 0.4426311254501343, -0.016358910128474236, 0.8965546488761902),
					},
					["Left Arm"] = {
						CFrame = CFrame.new(-0.42962485551834106, -0.05519869923591614, -0.40499788522720337, -0.1130966991186142, 0.027513572946190834, -0.9932030439376831, -0.6241714358329773, 0.7757845520973206, 0.09256543219089508, 0.7730584144592285, 0.6303978562355042, -0.07056554406881332),
					},
					["Right Arm"] = {
						CFrame = CFrame.new(0.17273855209350586, 0.6587232947349548, -0.2814183235168457, -0.9603888392448425, -0.27426180243492126, 0.049335282295942307, 0.2461651712656021, -0.7520111799240112, 0.6114590167999268, -0.13059909641742706, 0.5993829369544983, 0.7897366881370544),
					},
					["Head"] = {
						CFrame = CFrame.new(1.341104507446289e-07, 2.220446049250313e-15, 0.018294483423233032, 0.9993556141853333, -6.28216909603907e-08, 0.03589538857340813, 6.255260842635835e-08, 1, 8.619147173760666e-09, -0.03589538857340813, -6.368247262855675e-09, 0.9993556141853333),
					},
				},
			},
		},
		[0.2] = {
			["HumanoidRootPart"] = {
				["Torso"] = {
					CFrame = CFrame.new(-0.05693817883729935, 0, -0.23824596405029297, 0.9973195791244507, 0, -0.07316867262125015, 0, 1, 0, 0.07316867262125015, 0, 0.9973195791244507),
					["Left Leg"] = {
						CFrame = CFrame.new(0.2617344856262207, 0.8761234283447266, -0.11511793732643127, 0.620988130569458, 0.6093960404396057, 0.4929606020450592, -0.7137569785118103, 0.6995509266853333, 0.03434579074382782, -0.3239209055900574, -0.37318238615989685, 0.8693734407424927),
					},
					["Right Leg"] = {
						CFrame = CFrame.new(0.44685831665992737, 0.3934363126754761, 0.19108673930168152, 0.8561652898788452, 0.31610405445098877, -0.4087289273738861, -0.28348615765571594, 0.9487165808677673, 0.13990233838558197, 0.4319915771484375, -0.003910542465746403, 0.9018691182136536),
					},
					["Left Arm"] = {
						CFrame = CFrame.new(-0.419513463973999, -0.029862523078918457, -0.3906244933605194, -0.10113758593797684, 0.014069651253521442, -0.9947729706764221, -0.6000193953514099, 0.796714186668396, 0.0722716823220253, 0.7935666441917419, 0.6041924953460693, -0.07213577628135681),
					},
					["Right Arm"] = {
						CFrame = CFrame.new(0.19278934597969055, 0.6456502676010132, -0.2822258770465851, -0.9615777134895325, -0.27451291680336, -0.0033185137435793877, 0.21744689345359802, -0.7689518332481384, 0.6011903285980225, -0.1675863265991211, 0.5773696303367615, 0.7990989685058594),
					},
					["Head"] = {
						CFrame = CFrame.new(9.12696123123169e-08, 2.220446049250313e-15, 0.018294215202331543, 0.9992691278457642, -6.306433419922541e-08, 0.03822554647922516, 6.27605061254144e-08, 1, 9.147692381361594e-09, -0.03822554647922516, -6.74195632655028e-09, 0.9992691278457642),
					},
				},
			},
		},
		[0.233] = {
			["HumanoidRootPart"] = {
				["Torso"] = {
					CFrame = CFrame.new(-0.059733059257268906, 0, -0.10463310033082962, 0.9978411197662354, 0, -0.0656740665435791, 0, 1, 0, 0.0656740665435791, 0, 0.9978411197662354),
					["Left Leg"] = {
						CFrame = CFrame.new(0.17980033159255981, 1.1334054470062256, -0.08385100960731506, 0.8132829666137695, 0.315083384513855, 0.48917630314826965, -0.3807394504547119, 0.9239052534103394, 0.03790402039885521, -0.44000956416130066, -0.217075377702713, 0.8713610172271729),
					},
					["Right Leg"] = {
						CFrame = CFrame.new(0.44856345653533936, 0.3893181085586548, 0.20205360651016235, 0.8526017665863037, 0.318748414516449, -0.4140891134738922, -0.2930319309234619, 0.9477396011352539, 0.12618280947208405, 0.4326692521572113, 0.013757569715380669, 0.9014477729797363),
					},
					["Left Arm"] = {
						CFrame = CFrame.new(-0.41125741600990295, -0.004342257976531982, -0.37553468346595764, -0.08757704496383667, 0.0008234392153099179, -0.9961574077606201, -0.5747749209403992, 0.8167079091072083, 0.0512063167989254, 0.8136116862297058, 0.5770508646965027, -0.07105164229869843),
					},
					["Right Arm"] = {
						CFrame = CFrame.new(0.2155604362487793, 0.630176305770874, -0.28251445293426514, -0.9599829316139221, -0.2755391597747803, -0.05011049285531044, 0.19516177475452423, -0.7865071296691895, 0.5859339237213135, -0.20085997879505157, 0.552706778049469, 0.8088080286979675),
					},
					["Head"] = {
						CFrame = CFrame.new(7.636845111846924e-08, 5.329070518200751e-15, 0.018294334411621094, 0.9991885423660278, -6.320179579688556e-08, 0.04027727618813515, 6.286514064868243e-08, 1, 9.623946972681097e-09, -0.04027727618813515, -7.0841119637066186e-09, 0.9991885423660278),
					},
				},
			},
		},
		[0.267] = {
			["HumanoidRootPart"] = {
				["Torso"] = {
					CFrame = CFrame.new(-0.06121909245848656, 0, 0.03363419696688652, 0.9982775449752808, 0, -0.05866974592208862, 0, 1, 0, 0.05866974592208862, 0, 0.9982775449752808),
					["Left Leg"] = {
						CFrame = CFrame.new(-0.4880313277244568, 0.8961609601974487, 0.23507773876190186, 0.7918956279754639, -0.3604058027267456, 0.49295926094055176, 0.35515621304512024, 0.928510844707489, 0.10831315070390701, -0.49675482511520386, 0.0893048346042633, 0.8632841110229492),
					},
					["Right Leg"] = {
						CFrame = CFrame.new(0.5104383230209351, 0.4824064373970032, 0.22889715433120728, 0.8344675898551941, 0.354112833738327, -0.4222179651260376, -0.3362933099269867, 0.9342235922813416, 0.11888337880373001, 0.43654412031173706, 0.042784690856933594, 0.8986650705337524),
					},
					["Left Arm"] = {
						CFrame = CFrame.new(-0.4062733054161072, 0.013472825288772583, -0.36189785599708557, -0.07571401447057724, -0.007844328880310059, -0.9970988035202026, -0.5561805963516235, 0.8302943110466003, 0.03570106253027916, 0.8276053667068481, 0.5572699904441833, -0.06722786277532578),
					},
					["Right Arm"] = {
						CFrame = CFrame.new(0.23571787774562836, 0.6156402826309204, -0.281776487827301, -0.9577032923698425, -0.27608269453048706, -0.0811346247792244, 0.18273170292377472, -0.8012946844100952, 0.5696806311607361, -0.2222917526960373, 0.5307590365409851, 0.8178516030311584),
					},
					["Head"] = {
						CFrame = CFrame.new(1.043081283569336e-07, 7.105427357601002e-15, 0.01829427480697632, 0.999117374420166, -6.331755031396824e-08, 0.042006347328424454, 6.295189791671874e-08, 1, 1.0026828256570752e-08, -0.042006347328424454, -7.373613719607874e-09, 0.999117374420166),
					},
				},
			},
		},
		[0.3] = {
			["HumanoidRootPart"] = {
				["Torso"] = {
					CFrame = CFrame.new(-0.05322563648223877, 0, 0.0863485336303711, 0.9989687204360962, 0, -0.04540415480732918, 0, 1, 0, 0.04540415480732918, 0, 0.9989687204360962),
					["Left Leg"] = {
						CFrame = CFrame.new(-0.655114471912384, 0.43520641326904297, 0.37326279282569885, 0.6514977812767029, -0.5797669291496277, 0.48930665850639343, 0.601010799407959, 0.7880172729492188, 0.13347278535366058, -0.4629652500152588, 0.20712143182754517, 0.8618375062942505),
					},
					["Right Leg"] = {
						CFrame = CFrame.new(0.5448217391967773, 0.6343096494674683, 0.24497777223587036, 0.81732577085495, 0.37675711512565613, -0.4359273612499237, -0.3669525682926178, 0.9236775040626526, 0.11029878258705139, 0.44421207904815674, 0.06981456279754639, 0.8931974172592163),
					},
					["Left Arm"] = {
						CFrame = CFrame.new(-0.4049306809902191, 0.01949363946914673, -0.3509957194328308, -0.06735929846763611, -0.009562582708895206, -0.9976829886436462, -0.5487610697746277, 0.8354746699333191, 0.029042057693004608, 0.8332611918449402, 0.5494458079338074, -0.06152461841702461),
					},
					["Right Arm"] = {
						CFrame = CFrame.new(0.2501331567764282, 0.604245126247406, -0.2798878848552704, -0.9567115902900696, -0.2758542597293854, -0.09277574717998505, 0.1801515370607376, -0.8116714358329773, 0.5556392073631287, -0.2285788208246231, 0.5148726105690002, 0.8262311220169067),
					},
					["Head"] = {
						CFrame = CFrame.new(5.029141902923584e-08, 4.440892098500626e-15, 0.01829400658607483, 0.9992483258247375, -6.345879910440999e-08, 0.03876710683107376, 6.314781586524987e-08, 1, 9.245807675029027e-09, -0.03876710683107376, -6.790809692347466e-09, 0.9992483258247375),
					},
				},
			},
		},
		[0.333] = {
			["HumanoidRootPart"] = {
				["Torso"] = {
					CFrame = CFrame.new(-0.03380903601646423, 0, 0.06788825988769531, 0.9997887015342712, 0, -0.02055620588362217, 0, 1, 0, 0.02055620588362217, 0, 0.9997887015342712),
					["Left Leg"] = {
						CFrame = CFrame.new(-0.5948479175567627, 0.403353750705719, 0.35099589824676514, 0.709869384765625, -0.5075777769088745, 0.48831379413604736, 0.5263969302177429, 0.8429639339447021, 0.11098750680685043, -0.4679657518863678, 0.17826023697853088, 0.8655815720558167),
					},
					["Right Leg"] = {
						CFrame = CFrame.new(0.3926924169063568, 0.9141051173210144, 0.18657368421554565, 0.8695207238197327, 0.22172053158283234, -0.44133180379867554, -0.21612632274627686, 0.9742881059646606, 0.06365600228309631, 0.44409826397895813, 0.04003315418958664, 0.8950833082199097),
					},
					["Left Arm"] = {
						CFrame = CFrame.new(-0.40557417273521423, 0.017122268676757812, -0.3410341739654541, -0.05847744271159172, -0.0077746217139065266, -0.9982584714889526, -0.5486279129981995, 0.8356737494468689, 0.025629902258515358, 0.834019124507904, 0.5491712689399719, -0.05313348025083542),
					},
					["Right Arm"] = {
						CFrame = CFrame.new(0.2611202597618103, 0.5941500663757324, -0.2770720422267914, -0.9566701650619507, -0.2765315771102905, -0.09117347747087479, 0.18526028096675873, -0.8196439146995544, 0.5420910120010376, -0.224635049700737, 0.5017114281654358, 0.8353590965270996),
					},
					["Head"] = {
						CFrame = CFrame.new(9.220093488693237e-08, 2.6645352591003757e-15, 0.018294095993041992, 0.9996592998504639, -6.358222037761152e-08, 0.02610521949827671, 6.344140501823858e-08, 1, 6.223313420150589e-09, -0.02610521949827671, -4.565047007076828e-09, 0.9996592998504639),
					},
				},
			},
		},
		[0.367] = {
			["HumanoidRootPart"] = {
				["Torso"] = {
					CFrame = CFrame.new(-0.006075311917811632, 0, 0.005547046661376953, 0.9998923540115356, 0, 0.014673181809484959, 0, 1, 0, -0.014673181809484959, 0, 0.9998923540115356),
					["Left Leg"] = {
						CFrame = CFrame.new(-0.5043227672576904, 0.4451678395271301, 0.31103384494781494, 0.8001354932785034, -0.354034960269928, 0.48419275879859924, 0.37054866552352905, 0.9265269637107849, 0.06512636691331863, -0.4716746211051941, 0.12730707228183746, 0.8725342750549316),
					},
					["Right Leg"] = {
						CFrame = CFrame.new(-0.11146193742752075, 1.0784592628479004, 0.06129080057144165, 0.8692225217819214, -0.2668111026287079, -0.41624993085861206, 0.27116361260414124, 0.9612393379211426, -0.04989255219697952, 0.4134276807308197, -0.06950417160987854, 0.9078803658485413),
					},
					["Left Arm"] = {
						CFrame = CFrame.new(-0.4068150818347931, 0.010374963283538818, -0.33005833625793457, -0.04465029761195183, -0.006277829874306917, -0.9989830255508423, -0.5509911775588989, 0.8342859745025635, 0.019384071230888367, 0.8333157896995544, 0.5512962937355042, -0.04071018472313881),
					},
					["Right Arm"] = {
						CFrame = CFrame.new(0.2715790867805481, 0.5831353664398193, -0.27355819940567017, -0.9565219879150391, -0.27998802065849304, -0.08168509602546692, 0.19712387025356293, -0.8270277380943298, 0.5264666676521301, -0.2149602323770523, 0.48747479915618896, 0.8462625741958618),
					},
					["Head"] = {
						CFrame = CFrame.new(8.475035429000854e-08, 4.9960036108132044e-15, 0.018294453620910645, 0.9999936819076538, -6.354847670309027e-08, 0.003555363044142723, 6.354586901125003e-08, 1, 8.472920143276497e-10, -0.003555363044142723, -6.213684011768805e-10, 0.9999936819076538),
					},
				},
			},
		},
		[0.4] = {
			["HumanoidRootPart"] = {
				["Torso"] = {
					CFrame = CFrame.new(0.01715501956641674, 0, -0.09114482253789902, 0.9990233182907104, 0, 0.044188112020492554, 0, 1, 0, -0.044188112020492554, 0, 0.9990233182907104),
					["Left Leg"] = {
						CFrame = CFrame.new(-0.4191710948944092, 0.47239965200424194, 0.2719319760799408, 0.8573766350746155, -0.20162642002105713, 0.4735526442527771, 0.21482685208320618, 0.9762863516807556, 0.02672906033694744, -0.46771231293678284, 0.07881494611501694, 0.8803598880767822),
					},
					["Right Leg"] = {
						CFrame = CFrame.new(-0.31843775510787964, 0.8542838096618652, 0.04999163746833801, 0.6668944954872131, -0.640245258808136, -0.38123202323913574, 0.6431158781051636, 0.7529539465904236, -0.13950762152671814, 0.3763693571090698, -0.15213948488235474, 0.9138926863670349),
					},
					["Left Arm"] = {
						CFrame = CFrame.new(-0.408759206533432, -0.0004642903804779053, -0.3183870017528534, -0.026347428560256958, -0.004997254349291325, -0.9996404051780701, -0.5556379556655884, 0.8313582539558411, 0.010488882660865784, 0.8310068845748901, 0.5557144284248352, -0.024680888280272484),
					},
					["Right Arm"] = {
						CFrame = CFrame.new(0.2811425030231476, 0.5719980001449585, -0.26963379979133606, -0.9559798240661621, -0.2862345278263092, -0.06459464877843857, 0.21499359607696533, -0.8330667018890381, 0.5096839070320129, -0.19970081746578217, 0.47336000204086304, 0.857933521270752),
					},
					["Head"] = {
						CFrame = CFrame.new(8.195638656616211e-08, 2.4424906541753444e-15, 0.018294841051101685, 0.9998562932014465, -6.336562563546977e-08, -0.016952717676758766, 6.3306060837931e-08, 1, -4.050637603114637e-09, 0.016952717676758766, 2.9768407738828273e-09, 0.9998562932014465),
					},
				},
			},
		},
		[0.433] = {
			["HumanoidRootPart"] = {
				["Torso"] = {
					CFrame = CFrame.new(0.025237178429961205, 0, -0.1954379379749298, 0.9985054731369019, 0, 0.054653462022542953, 0, 1, 0, -0.054653462022542953, 0, 0.9985054731369019),
					["Left Leg"] = {
						CFrame = CFrame.new(-0.38909319043159485, 0.47660595178604126, 0.2548734247684479, 0.8734220266342163, -0.14354245364665985, 0.4653274416923523, 0.15451262891292572, 0.9878811836242676, 0.014716820791363716, -0.461800754070282, 0.05904494971036911, 0.8850163817405701),
					},
					["Right Leg"] = {
						CFrame = CFrame.new(-0.3080867528915405, 0.5656417608261108, 0.010690748691558838, 0.4474446177482605, -0.8104543685913086, -0.3780966103076935, 0.8377771973609924, 0.527789294719696, -0.13988545536994934, 0.31292614340782166, -0.2541697323322296, 0.9151366353034973),
					},
					["Left Arm"] = {
						CFrame = CFrame.new(-0.41148290038108826, -0.014557749032974243, -0.3065507113933563, -0.004702829755842686, -0.003815323580056429, -0.9999817609786987, -0.5620562434196472, 0.8270989656448364, -0.0005124644958414137, 0.8270857334136963, 0.5620434284210205, -0.0060342298820614815),
					},
					["Right Arm"] = {
						CFrame = CFrame.new(0.28943926095962524, 0.561943769454956, -0.2658219337463379, -0.954721212387085, -0.29452529549598694, -0.041980475187301636, 0.23651517927646637, -0.8370099663734436, 0.49343180656433105, -0.18046624958515167, 0.4611606299877167, 0.8687708973884583),
					},
					["Head"] = {
						CFrame = CFrame.new(8.940696716308594e-08, 3.774758283725532e-15, 0.018294304609298706, 0.999700129032135, -6.326995816152703e-08, -0.024488167837262154, 6.314553502306808e-08, 1, -5.854023488183202e-09, 0.024488167837262154, 4.305941825322179e-09, 0.999700129032135),
					},
				},
			},
		},
		[0.467] = {
			["HumanoidRootPart"] = {
				["Torso"] = {
					CFrame = CFrame.new(0.01892484910786152, 0, -0.3434606194496155, 0.9985054731369019, 0, 0.054653462022542953, 0, 1, 0, -0.054653462022542953, 0, 0.9985054731369019),
					["Left Leg"] = {
						CFrame = CFrame.new(-0.44899648427963257, 0.5187283754348755, 0.2755943536758423, 0.8398607969284058, -0.24955938756465912, 0.482030987739563, 0.25255462527275085, 0.9657240509986877, 0.059943802654743195, -0.4804685413837433, 0.07139473408460617, 0.8741011619567871),
					},
					["Right Leg"] = {
						CFrame = CFrame.new(-0.27203744649887085, 0.1236523687839508, -0.07379746437072754, 0.23119863867759705, -0.8829879760742188, -0.40850886702537537, 0.9670467376708984, 0.2545818090438843, -0.0029688961803913116, 0.10662052035331726, -0.39436084032058716, 0.9127495884895325),
					},
					["Left Arm"] = {
						CFrame = CFrame.new(-0.4149928390979767, -0.030455559492111206, -0.295264333486557, 0.018418535590171814, -0.0026107137091457844, -0.9998270273208618, -0.5694489479064941, 0.8219296336174011, -0.012636439874768257, 0.8218203783035278, 0.5695832371711731, 0.013652055524289608),
					},
					["Right Arm"] = {
						CFrame = CFrame.new(0.2962738275527954, 0.5541625618934631, -0.26270386576652527, -0.9526947736740112, -0.3034329116344452, -0.01735875941812992, 0.2583291530609131, -0.83852618932724, 0.4797290861606598, -0.160121351480484, 0.452551007270813, 0.8772450089454651),
					},
					["Head"] = {
						CFrame = CFrame.new(9.685754776000977e-08, 3.3306690738754696e-15, 0.018294334411621094, 0.9997025728225708, -6.326952473045822e-08, -0.024387871846556664, 6.314612477353876e-08, 1, -5.830145699547984e-09, 0.024387871846556664, 4.28840518651441e-09, 0.9997025728225708),
					},
				},
			},
		},
		[0.5] = {
			["HumanoidRootPart"] = {
				["Torso"] = {
					CFrame = CFrame.new(0.005763307213783264, 0, -0.5199540257453918, 0.9985054731369019, 0, 0.054653462022542953, 0, 1, 0, -0.054653462022542953, 0, 0.9985054731369019),
					["Left Leg"] = {
						CFrame = CFrame.new(-0.5281317234039307, 0.5540945529937744, 0.32411620020866394, 0.704552173614502, -0.4574182331562042, 0.5425630807876587, 0.4341272711753845, 0.8826116919517517, 0.18036122620105743, -0.561373233795166, 0.10846756398677826, 0.8204237818717957),
					},
					["Right Leg"] = {
						CFrame = CFrame.new(-0.2860240936279297, 0.12214401364326477, -0.10420387983322144, 0.31258657574653625, -0.8593103885650635, -0.40481510758399963, 0.9435430765151978, 0.23170946538448334, 0.23672176897525787, -0.10961791127920151, -0.45595648884773254, 0.8832257390022278),
					},
					["Left Arm"] = {
						CFrame = CFrame.new(-0.4192003905773163, -0.046294987201690674, -0.2852970063686371, 0.040671564638614655, -0.001313239918090403, -0.9991717338562012, -0.5768798589706421, 0.8164598941802979, -0.024555234238505363, 0.815815806388855, 0.577400803565979, 0.032449036836624146),
					},
					["Right Arm"] = {
						CFrame = CFrame.new(0.3017164468765259, 0.5492962002754211, -0.2606508433818817, -0.9502274394035339, -0.31150200963020325, 0.005870361812412739, 0.2775670289993286, -0.8378516435623169, 0.4700651168823242, -0.14150774478912354, 0.4482980966567993, 0.8826122879981995),
					},
					["Head"] = {
						CFrame = CFrame.new(8.288770914077759e-08, 7.771561172376096e-15, 0.01829388737678528, 0.9997212290763855, -6.326628465558315e-08, -0.023613523691892624, 6.315057277106462e-08, 1, -5.645771405937694e-09, 0.023613523691892624, 4.1529744088109055e-09, 0.9997212290763855),
					},
				},
			},
		},
		[0.533] = {
			["HumanoidRootPart"] = {
				["Torso"] = {
					CFrame = CFrame.new(-0.0003584176301956177, 0, -0.5907202959060669, 0.9985054731369019, 0, 0.054653462022542953, 0, 1, 0, -0.054653462022542953, 0, 0.9985054731369019),
					["Left Leg"] = {
						CFrame = CFrame.new(-0.5412584543228149, 0.5510843396186829, 0.3509688973426819, 0.6092079281806946, -0.5437538027763367, 0.5772325396537781, 0.498928427696228, 0.8285946846008301, 0.2539710998535156, -0.6163895726203918, 0.13327659666538239, 0.776080846786499),
					},
					["Right Leg"] = {
						CFrame = CFrame.new(-0.27158820629119873, 0.1822679042816162, -0.11869111657142639, 0.3837103247642517, -0.8401547074317932, -0.38328397274017334, 0.9058871865272522, 0.2618866264820099, 0.3328421115875244, -0.17926181852817535, -0.4749269485473633, 0.8615739345550537),
					},
					["Left Arm"] = {
						CFrame = CFrame.new(-0.42393210530281067, -0.060223788022994995, -0.27728739380836487, 0.05977407842874527, 0.00006511744868475944, -0.9982119202613831, -0.5835029482841492, 0.8113613724708557, -0.03488798066973686, 0.8099082112312317, 0.5845450758934021, 0.048536285758018494),
					},
					["Right Arm"] = {
						CFrame = CFrame.new(0.3060154914855957, 0.547356128692627, -0.25974321365356445, -0.9478039145469666, -0.3178228735923767, 0.02562192641198635, 0.29274219274520874, -0.835524320602417, 0.46497443318367004, -0.12637180089950562, 0.4482050836086273, 0.8849533200263977),
					},
					["Head"] = {
						CFrame = CFrame.new(1.0058283805847168e-07, 4.440892098500626e-15, 0.018294155597686768, 0.9997751712799072, -6.32568415426249e-08, -0.021205957978963852, 6.316346912171866e-08, 1, -5.072459341448621e-09, 0.021205957978963852, 3.731867703749003e-09, 0.9997751712799072),
					},
				},
			},
		},
		[0.567] = {
			["HumanoidRootPart"] = {
				["Torso"] = {
					CFrame = CFrame.new(0.006870672106742859, 0, -0.4761214852333069, 0.9985054731369019, 0, 0.054653462022542953, 0, 1, 0, -0.054653462022542953, 0, 0.9985054731369019),
					["Left Leg"] = {
						CFrame = CFrame.new(-0.5731279850006104, 0.5024301409721375, 0.3485738933086395, 0.6320751309394836, -0.5515270233154297, 0.5443335175514221, 0.5201718211174011, 0.8226485252380371, 0.2295011729001999, -0.5743712782859802, 0.13808494806289673, 0.8068644404411316),
					},
					["Right Leg"] = {
						CFrame = CFrame.new(-0.2677779197692871, 0.13696444034576416, -0.09928810596466064, 0.3901956081390381, -0.8399574160575867, -0.37711915373802185, 0.9155927300453186, 0.3107621371746063, 0.2551801800727844, -0.09714603424072266, -0.44485780596733093, 0.8903169631958008),
					},
					["Left Arm"] = {
						CFrame = CFrame.new(-0.42897817492485046, -0.070823073387146, -0.27160927653312683, 0.0740295946598053, 0.0014478855300694704, -0.9972550868988037, -0.5887335538864136, 0.807207465171814, -0.04253184795379639, 0.8049300312995911, 0.5902661085128784, 0.06060958281159401),
					},
					["Right Arm"] = {
						CFrame = CFrame.new(0.30970242619514465, 0.5468186140060425, -0.2601485252380371, -0.9451839923858643, -0.32335102558135986, 0.045513544231653214, 0.3064742088317871, -0.8303431272506714, 0.4654070734977722, -0.1126980111002922, 0.45384398102760315, 0.8839257955551147),
					},
					["Head"] = {
						CFrame = CFrame.new(7.82310962677002e-08, 7.105427357601002e-15, 0.018294215202331543, 0.9998716115951538, -6.323995194179588e-08, -0.01602593995630741, 6.318651912806672e-08, 1, -3.838707129943941e-09, 0.01602593995630741, 2.8255757733575138e-09, 0.9998716115951538),
					},
				},
			},
		},
		[0.6] = {
			["HumanoidRootPart"] = {
				["Torso"] = {
					CFrame = CFrame.new(0.023666368797421455, 0, -0.20666173100471497, 0.9985054731369019, 0, 0.054653462022542953, 0, 1, 0, -0.054653462022542953, 0, 0.9985054731369019),
					["Left Leg"] = {
						CFrame = CFrame.new(-0.6182096004486084, 0.4089241027832031, 0.3414444625377655, 0.6689949035644531, -0.5600107312202454, 0.48870623111724854, 0.5534020662307739, 0.8142227530479431, 0.1754639446735382, -0.4961774945259094, 0.15306660532951355, 0.854621946811676),
					},
					["Right Leg"] = {
						CFrame = CFrame.new(-0.27568185329437256, 0.019763827323913574, -0.07777976989746094, 0.4318181276321411, -0.8121360540390015, -0.3923877477645874, 0.8922198414802551, 0.4483785927295685, 0.053855784237384796, 0.13220012187957764, -0.3733520805835724, 0.9182218909263611),
					},
					["Left Arm"] = {
						CFrame = CFrame.new(-0.43414628505706787, -0.07728713750839233, -0.2683570981025696, 0.08254117518663406, 0.002744822995737195, -0.9965839385986328, -0.5922755599021912, 0.8043729662895203, -0.04683927446603775, 0.8014966249465942, 0.5941184163093567, 0.06801950931549072),
					},
					["Right Arm"] = {
						CFrame = CFrame.new(0.31298601627349854, 0.5463621616363525, -0.26207593083381653, -0.9417802095413208, -0.32898011803627014, 0.06944233924150467, 0.3215199112892151, -0.8207429051399231, 0.47223517298698425, -0.09836167097091675, 0.4670686721801758, 0.8787330985069275),
					},
					["Head"] = {
						CFrame = CFrame.new(9.685754776000977e-08, 4.718447854656915e-15, 0.018293946981430054, 0.9999746680259705, -6.322179757489721e-08, -0.00711745023727417, 6.321118917185231e-08, 1, -1.7160969312257635e-09, 0.00711745023727417, 1.266141191891279e-09, 0.9999746680259705),
					},
				},
			},
		},
		[0.633] = {
			["HumanoidRootPart"] = {
				["Torso"] = {
					CFrame = CFrame.new(0.034984041005373, 0, -0.017365459352731705, 0.9985054731369019, 0, 0.054653462022542953, 0, 1, 0, -0.054653462022542953, 0, 0.9985054731369019),
					["Left Leg"] = {
						CFrame = CFrame.new(-0.6424002647399902, 0.37070995569229126, 0.3343796730041504, 0.6845662593841553, -0.5650379061698914, 0.4605446755886078, 0.568535566329956, 0.8092725276947021, 0.14780175685882568, -0.45621970295906067, 0.1606559306383133, 0.8752447366714478),
					},
					["Right Leg"] = {
						CFrame = CFrame.new(-0.03159445524215698, 0.5128875374794006, 0.036816492676734924, 0.7499538660049438, -0.513850212097168, -0.4165659546852112, 0.5644936561584473, 0.8254351615905762, -0.0019345730543136597, 0.3448423147201538, -0.23369799554347992, 0.909103512763977),
					},
					["Left Arm"] = {
						CFrame = CFrame.new(-0.4392929673194885, -0.07935544848442078, -0.2674211859703064, 0.08510423451662064, 0.0038961763493716717, -0.9963644742965698, -0.5940399765968323, 0.8030260801315308, -0.04759968817234039, 0.7999211549758911, 0.5959312319755554, 0.07065533846616745),
					},
					["Right Arm"] = {
						CFrame = CFrame.new(0.3156592845916748, 0.5459572672843933, -0.2653076648712158, -0.9376500248908997, -0.33405163884162903, 0.09603169560432434, 0.33720138669013977, -0.8072275519371033, 0.48443669080734253, -0.08430743962526321, 0.4866139590740204, 0.8695395588874817),
					},
					["Head"] = {
						CFrame = CFrame.new(9.685754776000977e-08, 3.941291737419306e-15, 0.01829412579536438, 0.9999825358390808, -6.322016332660496e-08, 0.005911186337471008, 6.321307211010208e-08, 1, 1.3900713913272966e-09, -0.005911186337471008, -1.016390971386727e-09, 0.9999825358390808),
					},
				},
			},
		},
		[0.667] = {
			["HumanoidRootPart"] = {
				["Torso"] = {
					CFrame = CFrame.new(0.030145764350891113, 0, 0.0497889518737793, 0.9990090727806091, 0, 0.0445074625313282, 0, 1, 0, -0.0445074625313282, 0, 0.9990090727806091),
					["Left Leg"] = {
						CFrame = CFrame.new(-0.6571880578994751, 0.41507136821746826, 0.3003513216972351, 0.6912298202514648, -0.568782389163971, 0.4457443654537201, 0.5446982383728027, 0.8154431581497192, 0.19584766030311584, -0.4748738408088684, 0.1074204072356224, 0.8734733462333679),
					},
					["Right Leg"] = {
						CFrame = CFrame.new(0.4083707332611084, 0.8804767727851868, -0.01798088848590851, 0.9180249571800232, 0.10286872833967209, -0.38294675946235657, -0.0038366280496120453, 0.9680218696594238, 0.250836580991745, 0.3965041935443878, -0.22880510985851288, 0.8890628814697266),
					},
					["Left Arm"] = {
						CFrame = CFrame.new(-0.4469009041786194, -0.06712150573730469, -0.28047770261764526, 0.07395908981561661, 0.009825319051742554, -0.9972129464149475, -0.5889124870300293, 0.8074070811271667, -0.03572205826640129, 0.8048056960105896, 0.5899130702018738, 0.06550125777721405),
					},
					["Right Arm"] = {
						CFrame = CFrame.new(0.3175666928291321, 0.5455682277679443, -0.26930487155914307, -0.9331334829330444, -0.33792680501937866, 0.12275032699108124, 0.35229969024658203, -0.7912954092025757, 0.4997367262840271, -0.07174261659383774, 0.5095657110214233, 0.8574354648590088),
					},
					["Head"] = {
						CFrame = CFrame.new(8.89413058757782e-08, 1.7763568394002505e-15, 0.01829424500465393, 0.9999198317527771, -6.335090318998482e-08, 0.012667972594499588, 6.331784874191726e-08, 1, 3.010597549035765e-09, -0.012667972594499588, -2.2082511375032254e-09, 0.9999198317527771),
					},
				},
			},
		},
		[0.7] = {
			["HumanoidRootPart"] = {
				["Torso"] = {
					CFrame = CFrame.new(0.009608755819499493, 0, 0.05999089777469635, 0.9998529553413391, 0, 0.017155054956674576, 0, 1, 0, -0.017155054956674576, 0, 0.9998529553413391),
					["Left Leg"] = {
						CFrame = CFrame.new(-0.6773411631584167, 0.4984095096588135, 0.21961382031440735, 0.7054545879364014, -0.5719486474990845, 0.4185791611671448, 0.4846753478050232, 0.8202088475227356, 0.30388715863227844, -0.5171301960945129, -0.011503586545586586, 0.8558294773101807),
					},
					["Right Leg"] = {
						CFrame = CFrame.new(0.7137086391448975, 0.7342063188552856, 0.01233738660812378, 0.7862260341644287, 0.5180019736289978, -0.3369310796260834, -0.37612098455429077, 0.8337717056274414, 0.4041755199432373, 0.4902874529361725, -0.19104653596878052, 0.8503643870353699),
					},
					["Left Arm"] = {
						CFrame = CFrame.new(-0.45879530906677246, -0.032767683267593384, -0.3169519007205963, 0.04339447245001793, 0.024987075477838516, -0.9987455010414124, -0.5719496607780457, 0.8202773928642273, -0.004328606184571981, 0.8191400766372681, 0.5714200139045715, 0.04988677799701691),
					},
					["Right Arm"] = {
						CFrame = CFrame.new(0.3187035024166107, 0.5451916456222534, -0.27329814434051514, -0.9288401007652283, -0.3403240144252777, 0.1464093029499054, 0.3652985990047455, -0.7754310965538025, 0.5150374174118042, -0.061749234795570374, 0.5318705439567566, 0.8445712924003601),
					},
					["Head"] = {
						CFrame = CFrame.new(8.544884622097015e-08, 2.942091015256665e-15, 0.018294602632522583, 0.9999849200248718, -6.354061099500541e-08, 0.005501959472894669, 6.353436532435808e-08, 1, 1.3112093633083077e-09, -0.005501959472894669, -9.616322182992576e-10, 0.9999849200248718),
					},
				},
			},
		},
		[0.733] = {
			["HumanoidRootPart"] = {
				["Torso"] = {
					CFrame = CFrame.new(-0.02346457913517952, 0, -0.010049106553196907, 0.999631941318512, 0, -0.027129989117383957, 0, 1, 0, 0.027129989117383957, 0, 0.999631941318512),
					["Left Leg"] = {
						CFrame = CFrame.new(-0.5911310911178589, 0.7846295237541199, 0.022367313504219055, 0.8445430397987366, -0.3519062399864197, 0.4036199748516083, 0.2081776261329651, 0.9102181792259216, 0.3580014407634735, -0.49336522817611694, -0.2183229774236679, 0.8419774174690247),
					},
					["Right Leg"] = {
